126
11 17 0
8 11 1
17 20 1
6 8 2
13 15 2
20 22 2
5 6 3
12 13 3
15 16 3
22 23 3
4 5 4
23 24 4
3 4 5
24 25 5
11 12 6
16 17 6
4 5 8
13 15 8
23 24 8
8 10 9
18 20 9
5 6 12
22 23 12
4 5 14
6 7 14
21 22 14
23 24 14
3 4 15
24 25 15
2 3 16
25 26 16
10 12 17
16 18 17
1 2 18
8 10 18
12 16 18
18 20 18
26 27 18
7 8 19
20 21 19
0 1 20
5 7 20
21 23 20
27 28 20
4 5 21
23 24 21
3 4 22
24 25 22
11 17 1
8 11 2
17 20 2
6 8 3
20 22 3
5 6 4
22 23 4
4 5 5
23 24 5
11 17 7
3 4 8
24 25 8
13 15 9
8 10 11
18 20 11
4 5 12
23 24 12
5 6 14
22 23 14
4 5 15
6 7 15
21 22 15
23 24 15
3 4 16
24 25 16
10 12 18
16 18 18
8 10 19
12 16 19
18 20 19
7 8 20
20 21 20
5 7 21
21 23 21
4 5 22
23 24 22
0 4 23
24 28 23
@
0 1 11
0 1 17
1 2 8
1 2 11
1 2 17
1 2 20
2 3 6
2 3 8
2 3 13
2 3 15
2 3 20
2 3 22
3 4 5
3 4 6
3 4 12
3 4 16
3 4 22
3 4 23
4 5 4
4 5 5
4 5 12
4 5 16
4 5 23
4 5 24
5 6 3
5 6 4
5 6 12
5 6 16
5 6 24
5 6 25
6 7 3
6 7 4
6 7 11
6 7 17
6 7 24
6 7 25
7 8 3
7 8 4
7 8 24
7 8 25
8 9 4
8 9 5
8 9 13
8 9 15
8 9 23
8 9 24
9 11 4
9 11 5
9 11 8
9 11 10
9 11 18
9 11 20
9 11 23
9 11 24
11 12 4
11 12 5
11 12 23
11 12 24
12 14 5
12 14 6
12 14 22
12 14 23
14 15 4
14 15 5
14 15 6
14 15 7
14 15 21
14 15 22
14 15 23
14 15 24
15 16 3
15 16 4
15 16 24
15 16 25
16 17 2
16 17 3
16 17 25
16 17 26
17 18 2
17 18 3
17 18 10
17 18 12
17 18 16
17 18 18
17 18 25
17 18 26
18 19 1
18 19 3
18 19 8
18 19 10
18 19 12
18 19 16
18 19 18
18 19 20
18 19 25
18 19 27
19 20 1
19 20 3
19 20 7
19 20 8
19 20 20
19 20 21
19 20 25
19 20 27
20 21 0
20 21 3
20 21 5
20 21 7
20 21 21
20 21 23
20 21 25
20 21 28
21 22 0
21 22 3
21 22 4
21 22 5
21 22 23
21 22 24
21 22 25
21 22 28
22 23 0
22 23 4
22 23 24
22 23 28
# 280
