108
4 7 0
8 11 0
3 4 3
11 12 3
2 3 4
7 8 4
12 13 4
5 7 6
8 10 6
3 4 9
11 12 9
5 10 10
2 4 11
11 13 11
1 2 12
6 9 12
13 14 12
0 1 13
14 15 13
4 6 15
9 11 15
1 2 21
13 14 21
2 3 22
12 13 22
3 12 23
5 6 1
9 10 1
3 4 4
11 12 4
6 9 5
5 7 7
8 10 7
2 3 9
12 13 9
3 4 10
11 12 10
4 11 11
2 4 12
11 13 12
1 2 13
6 9 13
13 14 13
4 6 18
9 11 18
0 1 21
14 15 21
1 2 22
13 14 22
2 3 23
12 13 23
3 12 24
@
0 1 4
0 1 7
0 1 8
0 1 11
1 3 4
1 3 5
1 3 6
1 3 7
1 3 8
1 3 9
1 3 10
1 3 11
3 4 3
3 4 5
3 4 6
3 4 7
3 4 8
3 4 9
3 4 10
3 4 12
4 5 2
4 5 3
4 5 4
4 5 5
4 5 6
4 5 9
4 5 10
4 5 11
4 5 12
4 5 13
5 6 2
5 6 3
5 6 4
5 6 5
5 6 10
5 6 11
5 6 12
5 6 13
6 7 2
6 7 3
6 7 4
6 7 7
6 7 8
6 7 11
6 7 12
6 7 13
7 9 2
7 9 3
7 9 4
7 9 5
7 9 10
7 9 11
7 9 12
7 9 13
9 10 3
9 10 5
9 10 10
9 10 12
10 11 4
10 11 11
11 12 2
11 12 4
11 12 11
11 12 13
12 13 1
12 13 2
12 13 6
12 13 9
12 13 13
12 13 14
13 15 0
13 15 1
13 15 14
13 15 15
15 18 0
15 18 1
15 18 4
15 18 6
15 18 9
15 18 11
15 18 14
15 18 15
18 21 0
18 21 1
18 21 14
18 21 15
21 22 1
21 22 2
21 22 13
21 22 14
22 23 2
22 23 3
22 23 12
22 23 13
23 24 3
23 24 12
240
