121
6 13 0
4 6 1
13 15 1
3 4 2
15 16 2
2 3 3
7 12 3
16 17 3
6 7 4
12 13 4
1 2 5
17 18 5
0 1 7
4 7 7
12 15 7
18 19 7
3 4 8
7 8 8
11 12 8
15 16 8
2 3 9
8 9 9
10 11 9
16 17 9
9 10 10
1 2 11
17 18 11
2 3 14
16 17 14
3 4 16
15 16 16
4 6 17
13 15 17
6 13 18
6 13 1
4 6 2
13 15 2
3 4 3
15 16 3
7 12 4
2 3 5
6 7 5
12 13 5
16 17 5
1 2 7
17 18 7
0 1 12
2 17 12
18 19 12
1 2 14
17 18 14
2 3 16
16 17 16
3 4 17
15 16 17
4 6 18
13 15 18
6 13 19
@
0 1 6
0 1 13
1 2 4
1 2 6
1 2 13
1 2 15
2 3 3
2 3 4
2 3 15
2 3 16
3 4 2
3 4 3
3 4 7
3 4 12
3 4 16
3 4 17
4 5 2
4 5 3
4 5 6
4 5 7
4 5 12
4 5 13
4 5 16
4 5 17
5 7 1
5 7 2
5 7 17
5 7 18
7 8 0
7 8 1
7 8 4
7 8 7
7 8 12
7 8 15
7 8 18
7 8 19
8 9 0
8 9 1
8 9 3
8 9 8
8 9 11
8 9 16
8 9 18
8 9 19
9 10 0
9 10 1
9 10 2
9 10 9
9 10 10
9 10 17
9 10 18
9 10 19
10 11 0
10 11 1
10 11 2
10 11 17
10 11 18
10 11 19
11 12 0
11 12 19
12 14 1
12 14 2
12 14 17
12 14 18
14 16 2
14 16 3
14 16 16
14 16 17
16 17 3
16 17 4
16 17 15
16 17 16
17 18 4
17 18 6
17 18 13
17 18 15
18 19 6
18 19 13
206
